start=198.983000
speed=1.210000
pause=yes
